16
3.08 3.54 3.97 4.36 4.69 4.95 5.14 5.25 5.27 5.20 5.04 4.80 4.49 4.13 3.72 3.27
3.50 4.00 4.46 4.88 5.25 5.55 5.77 5.90 5.92 5.84 5.65 5.38 5.04 4.64 4.19 3.71
3.89 4.42 4.92 5.38 5.79 6.14 6.40 6.54 6.57 6.47 6.25 5.94 5.55 5.11 4.62 4.10
4.22 4.78 5.33 5.84 6.30 6.70 7.00 7.19 7.22 7.09 6.83 6.47 6.03 5.53 5.00 4.45
4.49 5.09 5.67 6.23 6.75 7.22 7.59 7.82 7.87 7.70 7.38 6.95 6.44 5.90 5.33 4.73
4.70 5.33 5.94 6.54 7.12 7.67 8.13 8.45 8.51 8.28 7.87 7.35 6.78 6.18 5.57 4.95
4.83 5.48 6.12 6.75 7.38 7.99 8.57 9.04 9.15 8.78 8.23 7.63 7.00 6.37 5.73 5.09
4.88 5.53 6.18 6.83 7.48 8.13 8.78 9.43 9.68 9.04 8.39 7.74 7.09 6.44 5.79 5.14
4.85 5.50 6.14 6.78 7.41 8.04 8.64 9.15 9.27 8.86 8.28 7.67 7.03 6.40 5.75 5.11
4.73 5.36 5.98 6.59 7.19 7.74 8.23 8.57 8.64 8.39 7.95 7.41 6.83 6.23 5.61 4.99
4.54 5.14 5.73 6.30 6.83 7.31 7.70 7.95 7.99 7.82 7.48 7.03 6.52 5.96 5.38 4.78
4.28 4.85 5.40 5.92 6.40 6.81 7.12 7.31 7.35 7.22 6.95 6.57 6.12 5.61 5.07 4.51
3.96 4.49 5.00 5.48 5.90 6.25 6.52 6.67 6.70 6.59 6.37 6.05 5.65 5.20 4.70 4.18
3.58 4.09 4.56 4.99 5.36 5.67 5.90 6.03 6.05 5.96 5.77 5.50 5.14 4.73 4.28 3.79
3.17 3.64 4.07 4.46 4.80 5.07 5.27 5.38 5.40 5.33 5.16 4.92 4.61 4.23 3.82 3.36
2.72 3.16 3.56 3.91 4.22 4.46 4.64 4.73 4.75 4.69 4.54 4.32 4.04 3.71 3.32 2.90
