10
3.15 3.82 4.39 4.82 5.08 5.15 5.00 4.67 4.17 3.56
3.81 4.56 5.22 5.74 6.07 6.14 5.96 5.55 4.97 4.27
4.37 5.21 5.98 6.61 7.04 7.14 6.90 6.38 5.68 4.88
4.79 5.72 6.60 7.39 7.98 8.14 7.78 7.09 6.25 5.35
5.04 6.03 7.00 7.95 8.80 9.12 8.48 7.58 6.61 5.63
5.09 6.09 7.09 8.08 9.06 9.58 8.67 7.69 6.69 5.69
4.94 5.90 6.83 7.71 8.42 8.63 8.17 7.37 6.46 5.52
4.60 5.48 6.31 7.02 7.51 7.64 7.35 6.75 5.99 5.14
4.10 4.90 5.61 6.18 6.55 6.64 6.44 5.98 5.34 4.59
3.49 4.20 4.81 5.28 5.58 5.65 5.48 5.11 4.58 3.92
